{
    "device0": {
        "left_camera": {
            "camera_matrix": [
                [
                    1199.5789619564005,
                    0.0,
                    722.8733771046562
                ],
                [
                    0.0,
                    1199.809920195669,
                    574.5431587980341
                ],
                [
                    0.0,
                    0.0,
                    1.0
                ]
            ],
            "dist_coeffs": [
                [
                    -0.09856265111177864,
                    0.07233590220010867,
                    0.0024057874509816946,
                    0.0018705308974907436,
                    0.08414869593959984
                ]
            ]
        },
        "right_camera": {
            "camera_matrix": [
                [
                    1197.4587308528542,
                    0.0,
                    736.4843168788087
                ],
                [
                    0.0,
                    1201.241475938578,
                    553.8307805279605
                ],
                [
                    0.0,
                    0.0,
                    1.0
                ]
            ],
            "dist_coeffs": [
                [
                    -0.10039228278753982,
                    0.10130174505983297,
                    0.000924024351637514,
                    0.0011174040179491825,
                    -0.09286368221465825
                ]
            ]
        },
        "stereo_params": {
            "R_l": [
                [
                    0.9996682314735895,
                    0.02296906711668337,
                    0.011655425271309567
                ],
                [
                    -0.022962237793605664,
                    0.9997360741947172,
                    -0.0007194367552461951
                ],
                [
                    -0.011668873894926397,
                    0.0004515634221086358,
                    0.9999318144116128
                ]
            ],
            "R_r": [
                [
                    0.9997710617543122,
                    0.018615196243418876,
                    0.01054981267483019
                ],
                [
                    -0.01862137083402265,
                    0.999826488468459,
                    0.00048734494169131115
                ],
                [
                    -0.010538910138947703,
                    -0.0006836853438428157,
                    0.9999442304185938
                ]
            ],
            "T": [
                -80.22503264737495,
                -1.4937467021150073,
                -0.846552874591909
            ],
            "intrinsic": [
                [
                    1200.5256980671236,
                    0.0,
                    715.3759231567383
                ],
                [
                    0.0,
                    1200.5256980671236,
                    566.6406364440918
                ],
                [
                    0.0,
                    0.0,
                    1.0
                ]
            ],
            "baseline": [
                80.24340343138454
            ]
        },
        "pose_wrt_world": [
            [
                1.0,
                6.22830919526457e-18,
                7.720657507506622e-17,
                0.0
            ],
            [
                2.584710087713965e-17,
                1.0,
                6.835305517320956e-17,
                -6.938893903907228e-18
            ],
            [
                -3.181226100041695e-17,
                -7.469329812744046e-17,
                1.0,
                0.0
            ],
            [
                0.0,
                0.0,
                0.0,
                1.0
            ]
        ],
        "device0_wrt_device1": [
            [
                -0.03964139409177487,
                0.4171470864760148,
                -0.9079740459501212,
                0.6570331425359001
            ],
            [
                -0.7490137433390969,
                0.5890442640650165,
                0.303323700460839,
                -0.24658145450698463
            ],
            [
                0.6613675015931872,
                0.6921092133591891,
                0.28909836495509716,
                0.5275426939266911
            ],
            [
                0.0,
                0.0,
                0.0,
                1.0
            ]
        ],
        "device0_wrt_device2": [
            [
                0.07444896907478717,
                -0.7480171868345588,
                0.6594904390541337,
                -0.5292368887348787
            ],
            [
                0.4101642523902523,
                0.625765718469121,
                0.6634625472850525,
                -0.4617138417545268
            ],
            [
                -0.9089678966084813,
                0.22110530022805372,
                0.3533975228354261,
                0.5036035811336209
            ],
            [
                0.0,
                0.0,
                0.0,
                1.0
            ]
        ],
        "device0_wrt_device3": [
            [
                -0.9340643872681743,
                -0.2875274842046733,
                -0.21178211979357942,
                0.11164413440823275
            ],
            [
                -0.28464407462833613,
                0.24134731290349823,
                0.9277549381885496,
                -0.687630835984477
            ],
            [
                -0.21564199780262805,
                0.9268653733855812,
                -0.30727692461767897,
                0.9925001024740435
            ],
            [
                0.0,
                0.0,
                0.0,
                1.0
            ]
        ]
    },
    "device1": {
        "left_camera": {
            "camera_matrix": [
                [
                    1214.5722945987345,
                    0.0,
                    709.2048198414835
                ],
                [
                    0.0,
                    1197.2863138267796,
                    531.0990629295553
                ],
                [
                    0.0,
                    0.0,
                    1.0
                ]
            ],
            "dist_coeffs": [
                [
                    -0.10311463684016392,
                    0.06740394290599783,
                    0.003015916595045596,
                    -0.0005194983160851267,
                    0.42161367600648425
                ]
            ]
        },
        "right_camera": {
            "camera_matrix": [
                [
                    1206.9603180111644,
                    0.0,
                    721.2459983874406
                ],
                [
                    0.0,
                    1197.8036796800275,
                    557.5286174559102
                ],
                [
                    0.0,
                    0.0,
                    1.0
                ]
            ],
            "dist_coeffs": [
                [
                    -0.11922281382348224,
                    0.18871271120931565,
                    0.0017003414024021812,
                    -0.0011540186133920378,
                    -0.16254460053739928
                ]
            ]
        },
        "stereo_params": {
            "R_l": [
                [
                    0.9994311359144635,
                    0.026226354335077855,
                    0.02120337008628658
                ],
                [
                    -0.026183111153853147,
                    0.999654484091329,
                    -0.002314546695115952
                ],
                [
                    -0.021256746106355542,
                    0.001758059836821285,
                    0.9997725041080997
                ]
            ],
            "R_r": [
                [
                    0.9996246626991684,
                    0.014790538040569531,
                    0.023060219167301294
                ],
                [
                    -0.014837476047979931,
                    0.9998881780300474,
                    0.0018656742153065156
                ],
                [
                    -0.023030046202713688,
                    -0.002207129407738305,
                    0.9997323369540861
                ]
            ],
            "T": [
                -80.27680856479496,
                -1.1877830101222226,
                -1.8518958851587406
            ],
            "intrinsic": [
                [
                    1197.5449967534037,
                    0.0,
                    678.9655227661133
                ],
                [
                    0.0,
                    1197.5449967534037,
                    548.5135307312012
                ],
                [
                    0.0,
                    0.0,
                    1.0
                ]
            ],
            "baseline": [
                80.30695075893082
            ]
        },
        "pose_wrt_world": [
            [
                -0.03964139409177482,
                -0.7490137433390966,
                0.6613675015931868,
                -0.5075467820096877
            ],
            [
                0.41714708647601484,
                0.5890442640650164,
                0.6921092133591888,
                -0.4939492286318723
            ],
            [
                -0.9079740459501211,
                0.3033237004608389,
                0.2890983649550968,
                0.5188513097395049
            ],
            [
                0.0,
                0.0,
                0.0,
                1.0
            ]
        ],
        "device1_wrt_device0": [
            [
                -0.03964139409177475,
                -0.7490137433390966,
                0.6613675015931868,
                -0.5075467820096877
            ],
            [
                0.4171470864760149,
                0.5890442640650164,
                0.6921092133591888,
                -0.49394922863187235
            ],
            [
                -0.9079740459501211,
                0.3033237004608389,
                0.28909836495509683,
                0.5188513097395049
            ],
            [
                0.0,
                0.0,
                0.0,
                1.0
            ]
        ],
        "device1_wrt_device2": [
            [
                -0.9137846532582445,
                -0.2963394539489464,
                -0.27781385045197043,
                0.14463676709150608
            ],
            [
                -0.3576299098901788,
                0.2626289600057311,
                0.8961734636320416,
                -0.6347494704707428
            ],
            [
                -0.19260959223686658,
                0.9182641000276273,
                -0.34596616536707664,
                1.039093287095162
            ],
            [
                0.0,
                0.0,
                0.0,
                1.0
            ]
        ],
        "device1_wrt_device3": [
            [
                0.10937903033390148,
                0.4660221116284384,
                -0.8779861156058146,
                0.6178660571550991
            ],
            [
                -0.730416388532522,
                0.6367766351421413,
                0.24699679410907352,
                -0.18100710613337545
            ],
            [
                0.6741870119531548,
                0.6142791779072634,
                0.4100401986430763,
                0.48469303350489756
            ],
            [
                0.0,
                0.0,
                0.0,
                1.0
            ]
        ]
    },
    "device2": {
        "left_camera": {
            "camera_matrix": [
                [
                    1198.1165404034452,
                    0.0,
                    710.556851790356
                ],
                [
                    0.0,
                    1197.5329997838812,
                    577.2039590821107
                ],
                [
                    0.0,
                    0.0,
                    1.0
                ]
            ],
            "dist_coeffs": [
                [
                    -0.10245896379590029,
                    0.09427213549925306,
                    -0.0004526982976423404,
                    0.00018271545359589252,
                    0.013548740662543928
                ]
            ]
        },
        "right_camera": {
            "camera_matrix": [
                [
                    1193.5102344481145,
                    0.0,
                    720.7572064733006
                ],
                [
                    0.0,
                    1195.5976120088276,
                    575.7999837176865
                ],
                [
                    0.0,
                    0.0,
                    1.0
                ]
            ],
            "dist_coeffs": [
                [
                    -0.09952124654611297,
                    0.08285922218864734,
                    0.00025081492365917695,
                    0.00030815863553118193,
                    0.012778176911718373
                ]
            ]
        },
        "stereo_params": {
            "R_l": [
                [
                    0.9999110962899973,
                    0.012400650211113924,
                    0.004901366184786188
                ],
                [
                    -0.012395861569262503,
                    0.9999226621217301,
                    -0.0010061765987634298
                ],
                [
                    -0.004913464367576678,
                    0.0009453304892039809,
                    0.9999874820307376
                ]
            ],
            "R_r": [
                [
                    0.9999383467754439,
                    0.00879197299203512,
                    0.006782614458985616
                ],
                [
                    -0.008798587215530198,
                    0.9999608442536126,
                    0.0009459506397178248
                ],
                [
                    -0.006774032108177791,
                    -0.0010055697436773437,
                    0.9999765503843018
                ]
            ],
            "T": [
                -80.13125953317679,
                -0.7045553077397809,
                -0.5435329500853301
            ],
            "intrinsic": [
                [
                    1196.5653058963544,
                    0.0,
                    706.7852249145508
                ],
                [
                    0.0,
                    1196.5653058963544,
                    577.1551170349121
                ],
                [
                    0.0,
                    0.0,
                    1.0
                ]
            ],
            "baseline": [
                80.13620018832206
            ]
        },
        "pose_wrt_world": [
            [
                0.07444896907478718,
                0.4101642523902524,
                -0.9089678966084813,
                0.6865391413516624
            ],
            [
                -0.7480171868345588,
                0.6257657184691209,
                0.2211053002280536,
                -0.2183030157703511
            ],
            [
                0.6594904390541338,
                0.6634625472850523,
                0.35339752283542597,
                0.4773842516189637
            ],
            [
                0.0,
                0.0,
                0.0,
                1.0
            ]
        ],
        "device2_wrt_device0": [
            [
                0.07444896907478712,
                0.41016425239025234,
                -0.9089678966084813,
                0.6865391413516624
            ],
            [
                -0.7480171868345588,
                0.6257657184691209,
                0.2211053002280536,
                -0.21830301577035116
            ],
            [
                0.6594904390541338,
                0.6634625472850524,
                0.35339752283542597,
                0.4773842516189637
            ],
            [
                0.0,
                0.0,
                0.0,
                1.0
            ]
        ],
        "device2_wrt_device1": [
            [
                -0.9137846532582447,
                -0.3576299098901789,
                -0.19260959223686647,
                0.10530079646127943
            ],
            [
                -0.29633945394894634,
                0.262628960005731,
                0.9182641000276274,
                -0.7445968882444305
            ],
            [
                -0.2778138504519704,
                0.8961734636320422,
                -0.34596616536707714,
                0.9685188486679708
            ],
            [
                0.0,
                0.0,
                0.0,
                1.0
            ]
        ],
        "device2_wrt_device3": [
            [
                0.00586708602432659,
                -0.7035541684888423,
                0.7106174141572648,
                -0.5679609598392197
            ],
            [
                0.41012211556312617,
                0.649806705139264,
                0.6399617928299154,
                -0.492841383972619
            ],
            [
                -0.9120117475271956,
                0.2876852063593605,
                0.29235559583213583,
                0.49542675954169785
            ],
            [
                0.0,
                0.0,
                0.0,
                1.0
            ]
        ]
    },
    "device3": {
        "left_camera": {
            "camera_matrix": [
                [
                    1193.0070448127776,
                    0.0,
                    718.861606888316
                ],
                [
                    0.0,
                    1194.1331014130164,
                    558.4214249855528
                ],
                [
                    0.0,
                    0.0,
                    1.0
                ]
            ],
            "dist_coeffs": [
                [
                    -0.09118596954491752,
                    0.04137489773123926,
                    0.0007674529970942194,
                    -0.0008269230024841514,
                    0.06749351042045258
                ]
            ]
        },
        "right_camera": {
            "camera_matrix": [
                [
                    1193.6094062269412,
                    0.0,
                    716.5962182013468
                ],
                [
                    0.0,
                    1195.3360136326917,
                    554.3937166908216
                ],
                [
                    0.0,
                    0.0,
                    1.0
                ]
            ],
            "dist_coeffs": [
                [
                    -0.09612655864299124,
                    0.08090673956944061,
                    0.000465431590336145,
                    -0.0001178814021062735,
                    0.009523754499696611
                ]
            ]
        },
        "stereo_params": {
            "R_l": [
                [
                    0.9999857011514758,
                    0.005279940251756198,
                    -0.0008483652098666722
                ],
                [
                    -0.005281436267409437,
                    0.999984484956212,
                    -0.001770953927383806
                ],
                [
                    0.0008390015165181127,
                    0.0017754091915692476,
                    0.9999980719974703
                ]
            ],
            "R_r": [
                [
                    0.9999988887938965,
                    -0.0014767495130619417,
                    0.0002040143322037499
                ],
                [
                    0.00147638543561897,
                    0.9999973377738876,
                    0.0017733389927012844
                ],
                [
                    -0.0002066325665654134,
                    -0.0017730358183674546,
                    0.9999984068222154
                ]
            ],
            "T": [
                -79.89608485777192,
                0.11798663551314528,
                -0.016299964509974302
            ],
            "intrinsic": [
                [
                    1194.7345575228542,
                    0.0,
                    717.5045013427734
                ],
                [
                    0.0,
                    1194.7345575228542,
                    557.4578094482422
                ],
                [
                    0.0,
                    0.0,
                    1.0
                ]
            ],
            "baseline": [
                79.8961736388877
            ]
        },
        "pose_wrt_world": [
            [
                -0.9340643872681739,
                -0.2846440746283359,
                -0.21564199780262855,
                0.12257747192021737
            ],
            [
                -0.2875274842046726,
                0.24134731290349828,
                0.9268653733855807,
                -0.7218553664377841
            ],
            [
                -0.21178211979357947,
                0.9277549381885494,
                -0.307276924617679,
                0.9665695143537694
            ],
            [
                0.0,
                0.0,
                0.0,
                1.0
            ]
        ],
        "device3_wrt_device0": [
            [
                -0.9340643872681739,
                -0.28464407462833596,
                -0.21564199780262852,
                0.1225774719202173
            ],
            [
                -0.2875274842046726,
                0.24134731290349823,
                0.9268653733855807,
                -0.7218553664377843
            ],
            [
                -0.21178211979357953,
                0.9277549381885494,
                -0.30727692461767897,
                0.9665695143537694
            ],
            [
                0.0,
                0.0,
                0.0,
                1.0
            ]
        ],
        "device3_wrt_device1": [
            [
                0.10937903033390202,
                -0.730416388532522,
                0.6741870119531546,
                -0.5265658949416961
            ],
            [
                0.46602211162843854,
                0.6367766351421413,
                0.6142791779072636,
                -0.47041498683729566
            ],
            [
                -0.8779861156058144,
                0.24699679410907377,
                0.41004019864307567,
                0.3884423666729273
            ],
            [
                0.0,
                0.0,
                0.0,
                1.0
            ]
        ],
        "device3_wrt_device2": [
            [
                0.005867086024326022,
                0.41012211556312594,
                -0.9120117475271953,
                0.6572924515831041
            ],
            [
                -0.7035541684888418,
                0.6498067051392641,
                0.28768520635936007,
                -0.22186661451298648
            ],
            [
                0.7106174141572644,
                0.6399617928299153,
                0.2923555958321362,
                0.5741618188141207
            ],
            [
                0.0,
                0.0,
                0.0,
                1.0
            ]
        ]
    }
}